# The format for each line is (i stands for integer, f for float):
#iii ii ii ff.f ff.ff fffff.fffff fffff.fffff ff.fff iiii i
# The parameters in each line are:
#YYY MM DD hh.h hh._m        days      days_m max_Kp   ap D
2022 01 27 18.0 19.50 32899.75000 32899.81250  3.000   15 1
2022 01 28 21.0 22.50 32900.87500 32900.93750  3.667   22 1
2022 01 29 00.0 01.50 32901.00000 32901.06250  4.000   27 1
2022 01 30 21.0 22.50 32902.87500 32902.93750  3.000   15 1
2022 01 31 09.0 10.50 32903.37500 32903.43750  3.000   15 1
2022 02 01 21.0 22.50 32904.87500 32904.93750  3.333   18 0
2022 02 02 00.0 01.50 32905.00000 32905.06250  4.000   27 0
2022 02 03 09.0 10.50 32906.37500 32906.43750  5.333   56 0
2022 02 04 15.0 16.50 32907.62500 32907.68750  5.333   56 0
2022 02 05 00.0 01.50 32908.00000 32908.06250  3.000   15 0
2022 02 05 03.0 04.50 32908.12500 32908.18750  3.000   15 0
2022 02 06 00.0 01.50 32909.00000 32909.06250  3.667   22 0
2022 02 07 00.0 01.50 32910.00000 32910.06250  2.333    9 0
2022 02 08 00.0 01.50 32911.00000 32911.06250  2.000    7 0
2022 02 09 21.0 22.50 32912.87500 32912.93750  2.000    7 0
2022 02 10 18.0 19.50 32913.75000 32913.81250  5.000   48 0
2022 02 11 21.0 22.50 32914.87500 32914.93750  4.000   27 0
2022 02 12 18.0 19.50 32915.75000 32915.81250  3.333   18 0
2022 02 13 00.0 01.50 32916.00000 32916.06250  4.000   27 0
2022 02 14 00.0 01.50 32917.00000 32917.06250  2.667   12 0